49 9.323644320253296
56 9.387650588496664
92 9.393827571058516
248 9.368398377813959
506 9.34635806044177
547 9.386273823822089
657 9.333075102625202
808 9.35428333197605

44 3.8537915326230925
116 3.8902274914731456
542 3.8867229821371527
708 3.8715454255422577
882 3.8672316479726034
956 3.8470663703562518

506

392 1.965585104692804
393 1.8906201542610461
506 1.9792001707317102
597 1.9659219929750011
693 1.9568592088744328

699, 167

167 1.7083162862020513
219 1.7507470162109158
621 1.6910719697617889
699 1.6941022165787953
712 1.7683835419566534
908 1.7591184600811387

6416 1.2710530148270036
6541 1.2734159395261284

6216, 6541

6416 1.2710530148270036
6541 1.2734159395261284
11430 1.2753781601640781
13366 1.2796738044416207
13551 1.2703829386584227
14128 1.278069027193371
14564 1.2757495407866908
15026 1.2797557601228102
22325 1.2734759775034976
24045 1.27640055402975
24828 1.2791411779173787
25434 1.2790710637051295
25490 1.2718624580391344
27391 1.2756758443010976
27712 1.2702738072144701
28639 1.2725119081063754
29921 1.2742655180606726